Data												filter_row	ifmap0_filter1	timestep	y_hop	x_hop	direction
0000_0000_0000_0000_0000_0000_0000_0010_0000_0001	000			1				0			000		111		11
0000_0000_0000_0000_0000_0000_0000_0010_0000_0001	000			1				0			000		110		11
0000_0000_0000_0000_0000_0000_0000_0010_0000_0001	000			1				0			111		000		11
0000_0000_0000_0000_0000_0000_0000_0010_0000_0001	000			1				0			000		100		11
0000_0000_0000_0000_0000_0000_0000_0010_0000_0001	000			1				0			100		000		11
0000_0000_0000_0000_0000_0000_0000_0010_0000_0001	000			1				0			100		110		11
0000_0000_0000_0000_0000_0000_0000_0010_0000_0001	000			1				0			110		000		11
0000_0000_0000_0000_0000_0000_0000_0010_0000_0001	000			1				0			100		111		11
0000_0000_0000_0000_0000_0000_0000_0010_0000_0001	000			1				0			110		110		11
0000_0000_0000_0000_0000_0000_0000_0100_0000_0011	001			1				0			000		110		11
0000_0000_0000_0000_0000_0000_0000_0010_0000_0001	000			1				0			111		100		11
0000_0000_0000_0000_0000_0000_0000_0010_0000_0001	000			1				0			100		100		11
0000_0000_0000_0000_0000_0000_0000_0010_0000_0001	000			1				0			110		111		11
0000_0000_0000_0000_0000_0000_0000_0100_0000_0011	001			1				0			000		111		11
0000_0000_0000_0000_0000_0000_0000_0010_0000_0001	000			1				0			111		110		11
0000_0000_0000_0000_0000_0000_0000_0100_0000_0011	001			1				0			000		100		11
0000_0000_0000_0000_0000_0000_0000_0010_0000_0001	000			1				0			110		100		11
0000_0000_0000_0000_0000_0000_0000_0100_0000_0011	001			1				0			100		100		11
0000_0000_0000_0000_0000_0000_0000_0100_0000_0011	001			1				0			111		100		11
0000_0000_0000_0000_0000_0000_0000_0100_0000_0011	001			1				0			100		111		11
0000_0000_0000_0000_0000_0000_0000_0100_0000_0011	001			1				0			100		000		11
0000_0000_0000_0000_0000_0000_0000_0100_0000_0011	001			1				0			100		110		11
0000_0000_0000_0000_0000_0000_0000_0100_0000_0011	001			1				0			110		000		11
0000_0000_0000_0000_0000_0111_1000_0010_0000_0000	000			0				0			100		100		11
0000_0000_0000_0000_0000_0000_0000_0100_0000_0011	001			1				0			110		100		11
0000_0000_0000_0000_0000_0000_0000_0010_0000_0000	000			0				1			100		100		11
0000_0000_0000_0000_0000_0000_0000_0100_0000_0011	001			1				0			111		000		11
0000_0000_0000_0000_0000_0111_1000_0011_0000_0000	000			0				0			000		110		11
0000_0000_0000_0000_0000_0000_0000_0100_0000_0011	001			1				0			110		111		11
0000_0000_0000_0000_0000_0101_1000_0010_0000_1000	000			0				0			100		111		11
0000_0000_0000_0000_0000_0000_0000_0100_0000_0011	001			1				0			111		110		11
0000_0000_0000_0000_0000_0000_0000_0011_0000_0000	000			0				1			000		110		11
0000_0000_0000_0000_0000_0000_0000_0100_0000_0011	001			1				0			110		110		11
0000_0000_0000_0000_0000_0111_1000_0010_0000_0100	000			0				0			100		110		11
0000_0000_0000_0000_0000_0101_1000_0000_0000_0000	000			0				0			111		000		11
0000_0000_0000_0000_0000_0111_1000_0011_0000_0100	000			0				0			000		111		11
0000_0000_0000_0000_0000_0001_0000_0001_0000_1000	000			0				0			110		111		11
0000_0000_0000_0000_0000_0110_1000_0010_0000_1000	000			0				1			100		111		11
0000_0000_0000_0000_0000_0000_0000_0000_0000_1000	000			0				0			111		110		11
0000_0000_0000_0000_0000_0000_0000_0011_0000_0100	000			0				1			000		111		11
0000_0000_0000_0000_0000_0111_1000_0001_0000_0000	000			0				0			110		100		11
0000_0000_0000_0000_0000_0010_0000_0010_0000_0100	000			0				1			100		110		11
0000_0000_0000_0000_0000_0001_0000_0000_0000_0100	000			0				0			111		100		11
0000_0000_0000_0000_0000_0001_0000_0010_0000_1100	000			0				0			000		100		11
0000_0000_0000_0000_0000_0111_1000_0001_0000_1000	000			0				1			110		111		11
0000_0000_0000_0000_0000_0111_1000_0010_0000_1100	000			0				1			000		100		11
0000_0000_0000_0000_0000_0000_0000_0000_0000_1100	000			0				0			110		000		11
0000_0000_0000_0000_0000_0101_1000_0001_0000_0100	000			0				0			110		110		11
0000_0000_0000_0000_0000_0110_1000_0000_0000_0000	000			0				1			111		000		11
0000_0000_0000_0000_0000_0000_0000_0001_0000_1100	000			0				0			100		000		11
0000_0000_0000_0000_0000_0111_1000_0000_0000_1000	000			0				1			111		110		11
0000_0000_0000_0000_0000_0010_0000_0001_0000_0000	000			0				1			110		100		11
0000_0000_0000_0000_0000_0111_1000_0000_0000_0100	000			0				1			111		100		11
0000_0000_0000_0000_0000_0111_1000_0001_0000_1100	000			0				1			100		000		11
0000_0000_0000_0000_0000_0111_1000_0000_0000_1100	000			0				1			110		000		11
0000_0000_0000_0000_0000_0110_1000_0001_0000_0100	000			0				1			110		110		11
0000_0000_0000_0000_0000_0111_1000_0011_0000_1000	000			0				0			111		000		11
0000_0000_0000_0000_0000_0101_1000_0011_0000_1100	000			0				0			111		100		11
0000_0000_0000_0000_0000_0010_0000_0011_0000_1000	000			0				1			111		000		11
0000_0000_0000_0000_0000_0110_1000_0011_0000_1100	000			0				1			111		100		11
