Time        Data                                              filter_row  ifmap0_filter1  timestep  y_hop   x_hop direction
  26.00 ns	0000_0000_0000_0000_0000_0000_0000_0000_0000_0000	000					0								0					000			111		11
  32.00 ns	0000_0000_0000_0000_0000_0000_0000_0000_0000_0000	000					0								0					000			110		11
  38.00 ns	0000_0000_0000_0000_0000_0000_0000_0000_0000_0000	000					0								0					111			000		11
  44.00 ns	0000_0000_0000_0000_0000_0000_0000_0000_0000_0000	000					0								0					000			100		11
  50.00 ns	0000_0000_0000_0000_0000_0000_0000_0000_0000_0000	000					0								0					100			000		11
  56.00 ns	0000_0000_0000_0000_0000_0000_0000_0000_0000_0000	000					0								0					000			111		11
  62.00 ns	0000_0000_0000_0000_0000_0000_0000_0000_0000_0000	000					0								0					110			000		11
  68.00 ns	0000_0000_0000_0000_0000_0000_0000_0000_0000_0000	000					0								0					100			110		11
  74.00 ns	0000_0000_0000_0000_0000_0000_0000_0000_0000_0000	000					0								0					110			110		11
  80.00 ns	0000_0000_0000_0000_0000_0000_0000_0000_0000_0000	000					0								0					000			110		11
  86.00 ns	0000_0000_0000_0000_0000_0000_0000_0000_0000_0000	000					0								0					111			100		11
  92.00 ns	0000_0000_0000_0000_0000_0000_0000_0000_0000_0000	000					0								0					100			111		11
  98.00 ns	0000_0000_0000_0000_0000_0000_0000_0000_0000_0000	000					0								0					110			111		11
 104.00 ns	0000_0000_0000_0000_0000_0000_0000_0000_0000_0000	000					0								0					100			100		11
 110.00 ns	0000_0000_0000_0000_0000_0000_0000_0000_0000_0000	000					0								0					111			110		11
 116.00 ns	0000_0000_0000_0000_0000_0000_0000_0000_0000_0000	000					0								0					000			100		11
 122.00 ns	0000_0000_0000_0000_0000_0000_0000_0000_0000_0000	000					0								0					110			100		11
 128.00 ns	0000_0000_0000_0000_0000_0000_0000_0000_0000_0000	000					0								0					100			110		11
 134.00 ns	0000_0000_0000_0000_0000_0000_0000_0000_0000_0000	000					0								0					111			000		11
 140.00 ns	0000_0000_0000_0000_0000_0000_0000_0000_0000_0000	000					0								0					100			111		11
 146.00 ns	0000_0000_0000_0000_0000_0000_0000_0000_0000_0000	000					0								0					100			000		11
 152.00 ns	0000_0000_0000_0000_0000_0000_0000_0000_0000_0000	000					0								0					100			100		11
 158.00 ns	0000_0000_0000_0000_0000_0000_0000_0000_0000_0000	000					0								0					110			000		11
 164.00 ns	0000_0000_0000_0000_0000_0000_0000_0000_0000_0000	000					0								0					110			110		11
 170.00 ns	0000_0000_0000_0000_0000_0000_0000_0000_0000_0000	000					0								0					111			100		11
 176.00 ns	0000_0000_0000_0000_0000_0000_0000_0000_0000_0000	000					0								0					110			111		11
 182.00 ns	0000_0000_0000_0000_0000_0000_0000_0000_0000_0000	000					0								0					111			110		11
 188.00 ns	0000_0000_0000_0000_0000_0000_0000_0000_0000_0000	000					0								0					110			100		11
