Data												filter_row	ifmap0_filter1	timestep	y_hop	x_hop	direction
0000_0101_0000_0100_0000_0011_0000_0010_0000_0001	000			1				0			000		111		11
0000_0101_0000_0100_0000_0011_0000_0010_0000_0001	000			1				0			000		110		11
0000_0101_0000_0100_0000_0011_0000_0010_0000_0001	000			1				0			111		000		11
0000_0101_0000_0100_0000_0011_0000_0010_0000_0001	000			1				0			000		100		11
0000_0101_0000_0100_0000_0011_0000_0010_0000_0001	000			1				0			100		000		11
0000_0101_0000_0100_0000_0011_0000_0010_0000_0001	000			1				0			100		110		11
0000_0101_0000_0100_0000_0011_0000_0010_0000_0001	000			1				0			110		000		11
0000_0101_0000_0100_0000_0011_0000_0010_0000_0001	000			1				0			100		111		11
0000_0101_0000_0100_0000_0011_0000_0010_0000_0001	000			1				0			110		110		11
0000_1010_0000_1001_0000_1000_0000_0111_0000_0110	001			1				0			000		110		11
0000_0101_0000_0100_0000_0011_0000_0010_0000_0001	000			1				0			111		100		11
0000_0101_0000_0100_0000_0011_0000_0010_0000_0001	000			1				0			100		100		11
0000_0101_0000_0100_0000_0011_0000_0010_0000_0001	000			1				0			110		111		11
0000_1010_0000_1001_0000_1000_0000_0111_0000_0110	001			1				0			000		111		11
0000_0101_0000_0100_0000_0011_0000_0010_0000_0001	000			1				0			111		110		11
0000_1010_0000_1001_0000_1000_0000_0111_0000_0110	001			1				0			000		100		11
0000_0101_0000_0100_0000_0011_0000_0010_0000_0001	000			1				0			110		100		11
0000_1111_0000_1110_0000_1101_0000_1100_0000_1011	010			1				0			000		110		11
0000_1010_0000_1001_0000_1000_0000_0111_0000_0110	001			1				0			111		100		11
0000_1010_0000_1001_0000_1000_0000_0111_0000_0110	001			1				0			100		100		11
0000_1010_0000_1001_0000_1000_0000_0111_0000_0110	001			1				0			100		000		11
0000_1111_0000_1110_0000_1101_0000_1100_0000_1011	010			1				0			000		111		11
0000_1010_0000_1001_0000_1000_0000_0111_0000_0110	001			1				0			110		000		11
0000_1010_0000_1001_0000_1000_0000_0111_0000_0110	001			1				0			100		111		11
0000_1010_0000_1001_0000_1000_0000_0111_0000_0110	001			1				0			110		100		11
0001_0100_0001_0011_0001_0010_0001_0001_0001_0000	011			1				0			000		110		11
0000_1010_0000_1001_0000_1000_0000_0111_0000_0110	001			1				0			111		000		11
0000_1010_0000_1001_0000_1000_0000_0111_0000_0110	001			1				0			100		110		11
0000_1010_0000_1001_0000_1000_0000_0111_0000_0110	001			1				0			110		111		11
0001_0100_0001_0011_0001_0010_0001_0001_0001_0000	011			1				0			000		111		11
0000_1010_0000_1001_0000_1000_0000_0111_0000_0110	001			1				0			111		110		11
0000_1111_0000_1110_0000_1101_0000_1100_0000_1011	010			1				0			100		111		11
0000_1010_0000_1001_0000_1000_0000_0111_0000_0110	001			1				0			110		110		11
0001_1001_0001_1000_0001_0111_0001_0110_0001_0101	100			1				0			000		110		11
0000_1111_0000_1110_0000_1101_0000_1100_0000_1011	010			1				0			111		100		11
0000_1111_0000_1110_0000_1101_0000_1100_0000_1011	010			1				0			100		110		11
0000_1111_0000_1110_0000_1101_0000_1100_0000_1011	010			1				0			110		111		11
0001_1001_0001_1000_0001_0111_0001_0110_0001_0101	100			1				0			000		111		11
0000_1111_0000_1110_0000_1101_0000_1100_0000_1011	010			1				0			110		000		11
0000_1111_0000_1110_0000_1101_0000_1100_0000_1011	010			1				0			000		100		11
0000_1111_0000_1110_0000_1101_0000_1100_0000_1011	010			1				0			110		100		11
0000_1111_0000_1110_0000_1101_0000_1100_0000_1011	010			1				0			100		100		11
0000_1111_0000_1110_0000_1101_0000_1100_0000_1011	010			1				0			111		000		11
0001_0100_0001_0011_0001_0010_0001_0001_0001_0000	011			1				0			100		111		11
0000_1111_0000_1110_0000_1101_0000_1100_0000_1011	010			1				0			100		000		11
0001_0100_0001_0011_0001_0010_0001_0001_0001_0000	011			1				0			100		110		11
0000_1111_0000_1110_0000_1101_0000_1100_0000_1011	010			1				0			111		110		11
0001_0100_0001_0011_0001_0010_0001_0001_0001_0000	011			1				0			000		100		11
0000_1111_0000_1110_0000_1101_0000_1100_0000_1011	010			1				0			110		110		11
0001_0100_0001_0011_0001_0010_0001_0001_0001_0000	011			1				0			100		100		11
0001_0100_0001_0011_0001_0010_0001_0001_0001_0000	011			1				0			111		100		11
0001_1001_0001_1000_0001_0111_0001_0110_0001_0101	100			1				0			100		111		11
0001_0100_0001_0011_0001_0010_0001_0001_0001_0000	011			1				0			110		111		11
0001_1001_0001_1000_0001_0111_0001_0110_0001_0101	100			1				0			100		110		11
0001_0100_0001_0011_0001_0010_0001_0001_0001_0000	011			1				0			110		000		11
0001_1001_0001_1000_0001_0111_0001_0110_0001_0101	100			1				0			000		100		11
0001_0100_0001_0011_0001_0010_0001_0001_0001_0000	011			1				0			110		100		11
0001_1001_0001_1000_0001_0111_0001_0110_0001_0101	100			1				0			100		100		11
0001_0100_0001_0011_0001_0010_0001_0001_0001_0000	011			1				0			111		000		11
1000_0110_0011_1001_1110_1111_1000_0010_0000_1011	000			0				0			100		100		11
0001_0100_0001_0011_0001_0010_0001_0001_0001_0000	011			1				0			100		000		11
1111_1011_1100_1110_0011_0000_1000_0010_0000_1011	000			0				1			100		100		11
0001_0100_0001_0011_0001_0010_0001_0001_0001_0000	011			1				0			111		110		11
0001_0100_0001_0011_0001_0010_0001_0001_0001_0000	011			1				0			110		110		11
0001_1001_0001_1000_0001_0111_0001_0110_0001_0101	100			1				0			111		100		11
0001_1001_0001_1000_0001_0111_0001_0110_0001_0101	100			1				0			110		111		11
0001_1001_0001_1000_0001_0111_0001_0110_0001_0101	100			1				0			110		000		11
0001_1001_0001_1000_0001_0111_0001_0110_0001_0101	100			1				0			110		100		11
0001_1001_0001_1000_0001_0111_0001_0110_0001_0101	100			1				0			111		000		11
0001_1001_0001_1000_0001_0111_0001_0110_0001_0101	100			1				0			100		000		11
0001_1001_0001_1000_0001_0111_0001_0110_0001_0101	100			1				0			111		110		11
0001_1001_0001_1000_0001_0111_0001_0110_0001_0101	100			1				0			110		110		11
0000_0100_0011_0001_1100_1111_0000_0000_0000_0111	000			0				0			111		100		11
1110_0111_1011_1111_1111_1111_1000_0010_0000_0011	000			0				0			110		111		11
1100_0111_0011_1101_1111_1111_1000_0001_0000_0011	000			0				0			110		000		11
1000_0110_0011_1001_1110_1111_1000_0001_0000_0111	000			0				0			110		100		11
1000_0110_0011_1001_1110_1111_1000_0000_0000_0011	000			0				0			111		000		11
1100_0111_0011_1101_1111_1111_1000_0010_0000_0111	000			0				0			100		000		11
0000_0000_0010_0001_1000_1110_0000_0000_0000_1011	000			0				0			111		110		11
0000_0100_0011_0001_1100_1111_0000_0001_0000_1011	000			0				0			110		110		11
1111_1111_1101_1110_0111_0001_1000_0000_0000_0111	000			0				1			111		100		11
0011_1000_1100_0010_0000_0000_0000_0010_0000_0011	000			0				1			110		111		11
0111_1001_1100_0110_0001_0000_0000_0001_0000_0011	000			0				1			110		000		11
1111_1011_1100_1110_0011_0000_1000_0001_0000_0111	000			0				1			110		100		11
1111_1011_1100_1110_0011_0000_1000_0000_0000_0011	000			0				1			111		000		11
0111_1001_1100_0110_0001_0000_0000_0010_0000_0111	000			0				1			100		000		11
1111_1111_1111_1110_1111_0011_1000_0000_0000_1011	000			0				1			111		110		11
1111_1111_1101_1110_0111_0001_1000_0001_0000_1011	000			0				1			110		110		11
