Time        Data                                              filter_row  ifmap0_filter1  timestep  y_hop   x_hop direction
  24.00 ns	0000_0101_0000_0100_0000_0011_0000_0010_0000_0001	000					1								0					000			111		11
  30.00 ns	0000_0101_0000_0100_0000_0011_0000_0010_0000_0001	000					1								0					000			110		11
  36.00 ns	0000_0101_0000_0100_0000_0011_0000_0010_0000_0001	000					1								0					111			000		11
  42.00 ns	0000_0101_0000_0100_0000_0011_0000_0010_0000_0001	000					1								0					000			100		11
  48.00 ns	0000_0101_0000_0100_0000_0011_0000_0010_0000_0001	000					1								0					100			000		11
  54.00 ns	0000_0101_0000_0100_0000_0011_0000_0010_0000_0001	000					1								0					100			110		11
  60.00 ns	0000_0101_0000_0100_0000_0011_0000_0010_0000_0001	000					1								0					110			000		11
  66.00 ns	0000_0101_0000_0100_0000_0011_0000_0010_0000_0001	000					1								0					100			111		11
  72.00 ns	0000_0101_0000_0100_0000_0011_0000_0010_0000_0001	000					1								0					110			110		11
  78.00 ns	0000_1010_0000_1001_0000_1000_0000_0111_0000_0110	001					1								0					000			110		11
  84.00 ns	0000_0101_0000_0100_0000_0011_0000_0010_0000_0001	000					1								0					111			100		11
  90.00 ns	0000_0101_0000_0100_0000_0011_0000_0010_0000_0001	000					1								0					100			100		11
  96.00 ns	0000_0101_0000_0100_0000_0011_0000_0010_0000_0001	000					1								0					110			111		11
 102.00 ns	0000_1010_0000_1001_0000_1000_0000_0111_0000_0110	001					1								0					000			111		11
 108.00 ns	0000_0101_0000_0100_0000_0011_0000_0010_0000_0001	000					1								0					111			110		11
 114.00 ns	0000_1010_0000_1001_0000_1000_0000_0111_0000_0110	001					1								0					000			100		11
 120.00 ns	0000_0101_0000_0100_0000_0011_0000_0010_0000_0001	000					1								0					110			100		11
 126.00 ns	0000_1111_0000_1110_0000_1101_0000_1100_0000_1011	010					1								0					000			110		11
 132.00 ns	0000_1010_0000_1001_0000_1000_0000_0111_0000_0110	001					1								0					111			100		11
 138.00 ns	0000_1010_0000_1001_0000_1000_0000_0111_0000_0110	001					1								0					100			100		11
 144.00 ns	0000_1010_0000_1001_0000_1000_0000_0111_0000_0110	001					1								0					100			000		11
 150.00 ns	0000_1111_0000_1110_0000_1101_0000_1100_0000_1011	010					1								0					000			111		11
 156.00 ns	0000_1010_0000_1001_0000_1000_0000_0111_0000_0110	001					1								0					110			000		11
 162.00 ns	0000_1010_0000_1001_0000_1000_0000_0111_0000_0110	001					1								0					100			111		11
 168.00 ns	0000_1010_0000_1001_0000_1000_0000_0111_0000_0110	001					1								0					110			100		11
 174.00 ns	0001_0100_0001_0011_0001_0010_0001_0001_0001_0000	011					1								0					000			110		11
 180.00 ns	0000_1010_0000_1001_0000_1000_0000_0111_0000_0110	001					1								0					111			000		11
 186.00 ns	0000_1010_0000_1001_0000_1000_0000_0111_0000_0110	001					1								0					100			110		11
 192.00 ns	0000_1010_0000_1001_0000_1000_0000_0111_0000_0110	001					1								0					110			111		11
 198.00 ns	0001_0100_0001_0011_0001_0010_0001_0001_0001_0000	011					1								0					000			111		11
 204.00 ns	0000_1010_0000_1001_0000_1000_0000_0111_0000_0110	001					1								0					111			110		11
 210.00 ns	0000_1111_0000_1110_0000_1101_0000_1100_0000_1011	010					1								0					100			111		11
 216.00 ns	0000_1010_0000_1001_0000_1000_0000_0111_0000_0110	001					1								0					110			110		11
 222.00 ns	0001_1001_0001_1000_0001_0111_0001_0110_0001_0101	100					1								0					000			110		11
 228.00 ns	0000_1111_0000_1110_0000_1101_0000_1100_0000_1011	010					1								0					111			100		11
 234.00 ns	0000_1111_0000_1110_0000_1101_0000_1100_0000_1011	010					1								0					100			110		11
 240.00 ns	0000_1111_0000_1110_0000_1101_0000_1100_0000_1011	010					1								0					110			111		11
 246.00 ns	0001_1001_0001_1000_0001_0111_0001_0110_0001_0101	100					1								0					000			111		11
 252.00 ns	0000_1111_0000_1110_0000_1101_0000_1100_0000_1011	010					1								0					110			000		11
 258.00 ns	0000_1111_0000_1110_0000_1101_0000_1100_0000_1011	010					1								0					000			100		11
 264.00 ns	0000_1111_0000_1110_0000_1101_0000_1100_0000_1011	010					1								0					110			100		11
 270.00 ns	0000_1111_0000_1110_0000_1101_0000_1100_0000_1011	010					1								0					100			100		11
 276.00 ns	0000_1111_0000_1110_0000_1101_0000_1100_0000_1011	010					1								0					111			000		11
 282.00 ns	0001_0100_0001_0011_0001_0010_0001_0001_0001_0000	011					1								0					100			111		11
 288.00 ns	0000_1111_0000_1110_0000_1101_0000_1100_0000_1011	010					1								0					100			000		11
 294.00 ns	0001_0100_0001_0011_0001_0010_0001_0001_0001_0000	011					1								0					100			110		11
 300.00 ns	0000_1111_0000_1110_0000_1101_0000_1100_0000_1011	010					1								0					111			110		11
 306.00 ns	0001_0100_0001_0011_0001_0010_0001_0001_0001_0000	011					1								0					000			100		11
 312.00 ns	0000_1111_0000_1110_0000_1101_0000_1100_0000_1011	010					1								0					110			110		11
 318.00 ns	0001_0100_0001_0011_0001_0010_0001_0001_0001_0000	011					1								0					100			100		11
 324.00 ns	0001_0100_0001_0011_0001_0010_0001_0001_0001_0000	011					1								0					111			100		11
 330.00 ns	0001_1001_0001_1000_0001_0111_0001_0110_0001_0101	100					1								0					100			111		11
 336.00 ns	0001_0100_0001_0011_0001_0010_0001_0001_0001_0000	011					1								0					110			111		11
 342.00 ns	0001_1001_0001_1000_0001_0111_0001_0110_0001_0101	100					1								0					100			110		11
 348.00 ns	0001_0100_0001_0011_0001_0010_0001_0001_0001_0000	011					1								0					110			000		11
 354.00 ns	0001_1001_0001_1000_0001_0111_0001_0110_0001_0101	100					1								0					000			100		11
 360.00 ns	0001_0100_0001_0011_0001_0010_0001_0001_0001_0000	011					1								0					110			100		11
 366.00 ns	0001_1001_0001_1000_0001_0111_0001_0110_0001_0101	100					1								0					100			100		11
 372.00 ns	0001_0100_0001_0011_0001_0010_0001_0001_0001_0000	011					1								0					111			000		11
 378.00 ns	1000_0110_0011_1001_1110_1111_1000_0010_0000_1011	000					0								0					100			100		11
 384.00 ns	0001_0100_0001_0011_0001_0010_0001_0001_0001_0000	011					1								0					100			000		11
 390.00 ns	1111_1011_1100_1110_0011_0000_1000_0010_0000_1011	000					0								1					100			100		11
 396.00 ns	0001_0100_0001_0011_0001_0010_0001_0001_0001_0000	011					1								0					111			110		11
 402.00 ns	0001_0100_0001_0011_0001_0010_0001_0001_0001_0000	011					1								0					110			110		11
 408.00 ns	0001_1001_0001_1000_0001_0111_0001_0110_0001_0101	100					1								0					111			100		11
 414.00 ns	0001_1001_0001_1000_0001_0111_0001_0110_0001_0101	100					1								0					110			111		11
 420.00 ns	0001_1001_0001_1000_0001_0111_0001_0110_0001_0101	100					1								0					110			000		11
 426.00 ns	0001_1001_0001_1000_0001_0111_0001_0110_0001_0101	100					1								0					110			100		11
 432.00 ns	0001_1001_0001_1000_0001_0111_0001_0110_0001_0101	100					1								0					111			000		11
 438.00 ns	0001_1001_0001_1000_0001_0111_0001_0110_0001_0101	100					1								0					100			000		11
 444.00 ns	0001_1001_0001_1000_0001_0111_0001_0110_0001_0101	100					1								0					111			110		11
 450.00 ns	0001_1001_0001_1000_0001_0111_0001_0110_0001_0101	100					1								0					110			110		11
 456.00 ns	0000_0100_0011_0001_1100_1111_0000_0000_0000_0111	000					0								0					111			100		11
 462.00 ns	1110_0111_1011_1111_1111_1111_1000_0010_0000_0011	000					0								0					110			111		11
 468.00 ns	1100_0111_0011_1101_1111_1111_1000_0001_0000_0011	000					0								0					110			000		11
 474.00 ns	1000_0110_0011_1001_1110_1111_1000_0001_0000_0111	000					0								0					110			100		11
 480.00 ns	1000_0110_0011_1001_1110_1111_1000_0000_0000_0011	000					0								0					111			000		11
 486.00 ns	1100_0111_0011_1101_1111_1111_1000_0010_0000_0111	000					0								0					100			000		11
 492.00 ns	0000_0000_0010_0001_1000_1110_0000_0000_0000_1011	000					0								0					111			110		11
 498.00 ns	0000_0100_0011_0001_1100_1111_0000_0001_0000_1011	000					0								0					110			110		11
 504.00 ns	1111_1111_1101_1110_0111_0001_1000_0000_0000_0111	000					0								1					111			100		11
 510.00 ns	0011_1000_1100_0010_0000_0000_0000_0010_0000_0011	000					0								1					110			111		11
 516.00 ns	0111_1001_1100_0110_0001_0000_0000_0001_0000_0011	000					0								1					110			000		11
 522.00 ns	1111_1011_1100_1110_0011_0000_1000_0001_0000_0111	000					0								1					110			100		11
 528.00 ns	1111_1011_1100_1110_0011_0000_1000_0000_0000_0011	000					0								1					111			000		11
 534.00 ns	0111_1001_1100_0110_0001_0000_0000_0010_0000_0111	000					0								1					100			000		11
 540.00 ns	1111_1111_1111_1110_1111_0011_1000_0000_0000_1011	000					0								1					111			110		11
 546.00 ns	1111_1111_1101_1110_0111_0001_1000_0001_0000_1011	000					0								1					110			110		11
