1
1
1
1
1
1
1
1
0
1
0
1
1
1
0
1
1
0
0
0
0
1
0
0
0
1
1
1
1
1
0
0
1
0
1
1
0
1
1
1
1
0
0
1
1
0
1
0
1
0
1
0
1
0
1
0
0
1
0
0
1
0
0
1
1
0
1
1
1
0
0
0
1
0
1
0
1
1
0
1
1
// Original shape: torch.Size([1, 1, 9, 9])
/* Original data:
tensor([[[[1., 1., 1., 1., 1., 1., 1., 1., 0.],
          [1., 0., 1., 1., 1., 0., 1., 1., 0.],
          [0., 0., 0., 1., 0., 0., 0., 1., 1.],
          [1., 1., 1., 0., 0., 1., 0., 1., 1.],
          [0., 1., 1., 1., 1., 0., 0., 1., 1.],
          [0., 1., 0., 1., 0., 1., 0., 1., 0.],
          [1., 0., 0., 1., 0., 0., 1., 0., 0.],
          [1., 1., 0., 1., 1., 1., 0., 0., 0.],
          [1., 0., 1., 0., 1., 1., 0., 1., 1.]]]])*/
