31
21
21
6
5
22
30
15
7
17
10
18
19
25
17
19
27
25
20
34
32
25
39
32
29
20
32
33
25
33
34
25
25
28
30
34
31
25
17
20
20
30
33
16
20
9
10
17
22
// Original shape: torch.Size([1, 1, 7, 7])
/* Original data:
tensor([[[[31., 21., 21.,  6.,  5., 22., 30.],
          [15.,  7., 17., 10., 18., 19., 25.],
          [17., 19., 27., 25., 20., 34., 32.],
          [25., 39., 32., 29., 20., 32., 33.],
          [25., 33., 34., 25., 25., 28., 30.],
          [34., 31., 25., 17., 20., 20., 30.],
          [33., 16., 20.,  9., 10., 17., 22.]]]])*/
