00000000000001000000010100000011000000001001100000011
00000000000000110000010000000010000001001001100000011
00000000000000110000010100000101000000101001100000011
00000000000001010000001100000011000000001001100000011
10110011111000010100000100110011000100101000100000011
10111010110010101011101011110101101100101000100000011
00000000011111000011010010001110110100101000100000011
00111110100010011001001001111100011100101010100000011
11111000101101111101101100011000010100101010100000011
00000000010010010110000100110100101100101010100000011
